9.300000000000000000e+01 8.562500000000000000e+02 5.927500000000000000e+02
3.000000000000000000e+00 2.280000000000000000e+02 5.802500000000000000e+02
9.200000000000000000e+01 1.042000000000000000e+03 3.935000000000000000e+02
9.100000000000000000e+01 8.585000000000000000e+02 3.902500000000000000e+02
1.000000000000000000e+00 2.300000000000000000e+02 3.895000000000000000e+02
2.000000000000000000e+00 4.082500000000000000e+02 3.885000000000000000e+02
9.400000000000000000e+01 1.043000000000000000e+03 5.870000000000000000e+02
4.000000000000000000e+00 4.992500000000000000e+02 6.467500000000000000e+02
9.300000000000000000e+01 8.562500000000000000e+02 5.927500000000000000e+02
9.200000000000000000e+01 1.042000000000000000e+03 3.935000000000000000e+02
9.100000000000000000e+01 8.582500000000000000e+02 3.905000000000000000e+02
2.000000000000000000e+00 4.082500000000000000e+02 3.885000000000000000e+02
9.400000000000000000e+01 1.043000000000000000e+03 5.870000000000000000e+02
3.000000000000000000e+00 2.277500000000000000e+02 5.805000000000000000e+02
1.000000000000000000e+00 2.297500000000000000e+02 3.895000000000000000e+02
4.000000000000000000e+00 4.995000000000000000e+02 6.467500000000000000e+02
9.300000000000000000e+01 8.562500000000000000e+02 5.927500000000000000e+02
9.200000000000000000e+01 1.042000000000000000e+03 3.935000000000000000e+02
9.100000000000000000e+01 8.582500000000000000e+02 3.905000000000000000e+02
1.000000000000000000e+00 2.300000000000000000e+02 3.895000000000000000e+02
2.000000000000000000e+00 4.082500000000000000e+02 3.885000000000000000e+02
9.400000000000000000e+01 1.043000000000000000e+03 5.870000000000000000e+02
3.000000000000000000e+00 2.280000000000000000e+02 5.805000000000000000e+02
9.300000000000000000e+01 8.562500000000000000e+02 5.930000000000000000e+02
9.200000000000000000e+01 1.042000000000000000e+03 3.935000000000000000e+02
9.100000000000000000e+01 8.582500000000000000e+02 3.905000000000000000e+02
1.000000000000000000e+00 2.300000000000000000e+02 3.895000000000000000e+02
2.000000000000000000e+00 4.082500000000000000e+02 3.885000000000000000e+02
9.400000000000000000e+01 1.043000000000000000e+03 5.870000000000000000e+02
3.000000000000000000e+00 2.280000000000000000e+02 5.805000000000000000e+02
9.300000000000000000e+01 8.562500000000000000e+02 5.927500000000000000e+02
9.400000000000000000e+01 1.043000000000000000e+03 5.870000000000000000e+02
3.000000000000000000e+00 2.280000000000000000e+02 5.805000000000000000e+02
9.200000000000000000e+01 1.041750000000000000e+03 3.935000000000000000e+02
1.000000000000000000e+00 2.300000000000000000e+02 3.895000000000000000e+02
9.100000000000000000e+01 8.582500000000000000e+02 3.902500000000000000e+02
2.000000000000000000e+00 4.082500000000000000e+02 3.885000000000000000e+02
9.300000000000000000e+01 8.562500000000000000e+02 5.927500000000000000e+02
9.200000000000000000e+01 1.042000000000000000e+03 3.935000000000000000e+02
9.100000000000000000e+01 8.582500000000000000e+02 3.905000000000000000e+02
9.400000000000000000e+01 1.043000000000000000e+03 5.870000000000000000e+02
3.000000000000000000e+00 2.280000000000000000e+02 5.805000000000000000e+02
1.000000000000000000e+00 2.297500000000000000e+02 3.897500000000000000e+02
2.000000000000000000e+00 4.082500000000000000e+02 3.885000000000000000e+02
