25.000 275.500 318.000
25.000 275.500 318.000
25.000 275.750 318.250
25.000 275.750 318.000
25.000 275.750 317.750
25.000 275.500 318.000
25.000 275.000 317.250
25.000 275.000 317.250
25.000 275.250 317.500
25.000 275.250 318.250
25.000 275.250 318.250
25.000 275.250 318.250
25.000 275.250 318.000
25.000 98.500 551.500
25.000 104.750 544.500
25.000 128.000 533.750
25.000 139.750 528.250
25.000 145.250 526.000
25.000 154.750 519.000
25.000 156.500 518.750
25.000 171.250 510.250
25.000 176.750 507.750
25.000 187.500 503.500
25.000 206.250 496.000
25.000 209.250 494.750
25.000 209.500 494.250
25.000 209.750 494.250
25.000 209.750 494.250
25.000 209.750 494.250
25.000 209.500 494.000
25.000 209.750 494.250
25.000 209.500 494.000
25.000 209.500 494.000
25.000 209.500 494.000
25.000 209.500 494.250
25.000 209.250 494.250
25.000 209.000 494.500
25.000 209.000 494.250
25.000 207.250 495.250
25.000 202.500 499.000
25.000 202.500 498.750
25.000 202.500 499.000
25.000 203.000 499.000
25.000 203.000 499.000
25.000 202.750 499.000
25.000 202.750 499.000
25.000 203.500 499.000
25.000 204.500 498.750
25.000 209.750 499.250
25.000 215.750 498.750
25.000 226.250 491.250
25.000 241.000 467.250
25.000 249.250 453.250
25.000 263.000 445.250
25.000 270.500 447.750
25.000 272.250 448.000
25.000 275.500 447.750
25.000 276.500 447.750
25.000 276.750 447.750
25.000 277.000 447.750
25.000 276.750 447.750
25.000 276.750 447.750
25.000 277.000 447.750
25.000 277.250 447.750
25.000 277.000 447.750
25.000 277.500 447.750
25.000 277.250 447.750
25.000 277.000 447.750
25.000 277.000 447.750
25.000 277.000 447.750
25.000 278.000 443.500
25.000 278.250 439.000
25.000 274.750 414.000
25.000 272.000 385.750
25.000 271.750 346.500
25.000 281.000 302.250
25.000 285.250 296.000
25.000 286.250 295.250
25.000 286.000 295.250
25.000 285.750 295.000
25.000 285.750 295.000
25.000 286.750 293.750
25.000 286.500 294.000
25.000 286.500 294.000
25.000 286.500 294.000
25.000 286.750 294.000
25.000 286.750 294.000
25.000 287.750 293.000
25.000 288.250 292.750
25.000 288.250 292.750
25.000 294.000 289.250
25.000 295.250 288.250
25.000 298.750 287.000
25.000 307.750 283.000
25.000 304.500 283.000
25.000 303.250 280.750
25.000 300.000 281.500
25.000 298.000 278.750
25.000 296.500 275.000
25.000 289.500 270.500
25.000 289.000 264.750
25.000 290.500 258.750
25.000 327.250 250.750
25.000 378.750 266.000
25.000 388.500 269.000
25.000 439.750 291.500
25.000 486.750 315.250
25.000 490.500 316.750
25.000 489.500 314.250
25.000 489.500 313.250
25.000 488.750 313.250
25.000 489.250 313.500
25.000 489.000 313.500
25.000 489.250 313.500
25.000 489.250 313.250
25.000 489.750 314.250
25.000 490.000 314.250
25.000 490.500 314.750
25.000 492.250 316.500
25.000 494.500 318.250
25.000 496.000 319.750
25.000 510.250 334.750
25.000 521.000 347.500
25.000 532.500 362.750
25.000 544.000 377.750
25.000 567.000 411.500
25.000 575.750 427.250
25.000 583.500 440.750
25.000 584.750 442.750
25.000 585.000 442.750
25.000 585.000 442.750
25.000 585.000 442.750
25.000 585.250 443.500
25.000 585.750 444.000
25.000 585.750 444.000
25.000 586.000 444.000
25.000 585.750 444.000
25.000 586.250 444.500
25.000 586.000 444.250
25.000 586.250 442.250
25.000 586.250 442.000
25.000 586.500 440.500
25.000 587.000 440.250
25.000 595.500 446.000
25.000 612.750 449.750
25.000 654.250 452.250
25.000 706.500 454.000
25.000 726.000 452.000
25.000 741.750 457.000
25.000 756.250 458.000
25.000 811.000 451.250
25.000 838.250 449.500
25.000 861.000 454.500
25.000 874.500 459.750
25.000 883.750 462.750
25.000 888.500 462.750
25.000 894.750 463.250
25.000 895.250 463.500
25.000 895.250 463.500
25.000 895.250 463.500
25.000 895.250 463.500
25.000 895.250 463.500
25.000 895.250 463.500
25.000 895.250 463.500
25.000 895.250 463.750
25.000 895.000 463.500
25.000 894.750 464.500
25.000 894.000 461.250
25.000 894.750 459.250
25.000 896.500 454.750
25.000 898.250 447.750
25.000 901.000 443.500
25.000 901.250 429.250
25.000 899.000 422.250
25.000 893.500 403.500
25.000 889.750 389.250
25.000 887.750 379.000
25.000 886.750 361.750
25.000 887.000 356.750
25.000 886.000 352.750
25.000 886.000 350.500
25.000 887.250 351.250
25.000 886.250 356.250
25.000 888.250 363.250
25.000 885.000 341.500
25.000 887.250 321.500
25.000 884.000 278.250
25.000 882.000 264.500
25.000 882.500 257.000
25.000 882.500 256.750
25.000 883.000 256.750
25.000 883.000 257.000
25.000 881.500 253.500
25.000 880.500 253.250
25.000 882.250 252.500
25.000 883.000 250.250
25.000 887.500 251.250
25.000 891.500 249.750
25.000 892.250 249.500
25.000 893.000 250.500
25.000 895.500 249.000
25.000 896.750 250.000
25.000 897.250 250.500
25.000 899.500 250.750
25.000 899.750 250.500
25.000 900.250 250.750
25.000 908.500 261.000
25.000 935.000 297.500
25.000 949.500 341.750
25.000 962.500 393.750
25.000 963.000 400.500
25.000 967.000 425.250
25.000 968.250 444.000
25.000 967.250 447.750
25.000 967.500 446.000
25.000 967.500 445.750
25.000 967.750 446.000
25.000 967.500 445.750
25.000 967.500 445.750
25.000 967.250 447.000
25.000 967.250 446.500
25.000 967.000 446.500
25.000 967.750 445.250
25.000 968.750 442.500
25.000 968.500 444.000
25.000 967.500 443.750
25.000 981.000 446.250
25.000 1013.500 447.000
25.000 1038.500 447.750
25.000 1054.500 449.000
25.000 1061.250 449.000
25.000 1075.500 449.500
25.000 1092.250 449.500
25.000 1097.500 449.500
25.000 1105.000 448.250
25.000 1105.000 448.250
25.000 1105.000 448.250
25.000 1105.000 448.000
25.000 1105.000 448.000
25.000 1105.000 448.000
25.000 1104.250 447.000
25.000 1104.250 447.000
25.000 1099.250 449.750
25.000 1078.500 461.750
25.000 1077.750 464.000
25.000 1074.750 476.750
25.000 1073.000 498.250
25.000 1074.250 515.750
25.000 1055.500 567.250
25.000 1039.750 588.750
25.000 1034.750 598.250
25.000 1012.750 626.750
25.000 998.750 650.250
25.000 987.500 689.000
25.000 983.500 703.500
25.000 982.500 711.500
25.000 982.500 712.000
25.000 982.000 713.750
25.000 981.750 713.500
25.000 981.750 713.500
25.000 980.500 715.000
25.000 981.250 715.000
25.000 981.750 715.000
25.000 981.750 715.000
25.000 981.750 715.000
25.000 981.750 715.000
25.000 981.750 715.000
25.000 981.750 715.000
25.000 981.750 715.000
25.000 981.750 715.000
25.000 981.750 715.000
25.000 981.750 715.000
25.000 981.750 715.000
25.000 981.750 715.000
25.000 981.750 715.000
25.000 981.750 715.000
25.000 969.750 712.500
25.000 968.250 713.000
25.000 969.000 715.750
25.000 972.750 720.500
25.000 970.000 724.750
25.000 961.750 736.250
25.000 957.500 742.250
25.000 958.000 744.500
25.000 957.250 749.250
25.000 897.500 819.500
25.000 891.000 816.000
25.000 850.500 794.500
25.000 808.000 787.250
25.000 738.500 762.000
25.000 687.000 726.000
25.000 676.250 718.250
25.000 673.250 716.000
25.000 674.250 717.000
25.000 675.500 718.000
25.000 675.500 718.000
25.000 675.500 718.250
25.000 675.500 718.250
25.000 675.250 718.000
25.000 675.750 718.000
25.000 675.500 718.000
25.000 672.750 717.000
25.000 664.500 713.250
25.000 655.750 711.000
25.000 619.750 702.000
25.000 535.500 673.750
25.000 494.250 668.500
25.000 438.000 668.250
25.000 393.750 677.750
25.000 382.500 680.500
25.000 373.500 679.750
25.000 376.750 681.000
25.000 378.750 681.750
25.000 377.500 681.250
25.000 376.250 680.750
25.000 376.750 681.000
25.000 377.250 680.750
25.000 377.000 680.750
25.000 376.500 680.500
25.000 373.500 678.250
25.000 357.000 671.000
25.000 334.250 662.000
25.000 315.250 655.500
25.000 262.000 639.750
25.000 224.000 618.250
25.000 172.500 569.500
25.000 148.500 546.250
25.000 134.500 530.250
25.000 130.000 526.500
25.000 129.000 525.500
25.000 129.000 525.500
25.000 129.000 525.500
25.000 129.000 525.500
25.000 129.000 525.500
25.000 128.750 525.250
25.000 129.000 525.750
25.000 129.000 525.750
25.000 129.000 525.750
25.000 129.000 526.000
25.000 129.500 526.750
25.000 130.250 527.500
25.000 167.750 538.750
25.000 194.250 542.250
25.000 215.500 541.000
25.000 251.750 537.500
25.000 256.500 537.250
25.000 274.250 536.750
25.000 278.000 537.750
25.000 278.250 538.000
25.000 278.500 537.500
25.000 278.750 537.500
25.000 278.750 537.500
25.000 279.000 537.500
25.000 279.000 537.500
25.000 277.750 536.750
25.000 278.250 536.500
25.000 277.250 536.250
25.000 276.500 535.000
25.000 276.000 535.250
25.000 276.000 535.250
25.000 276.000 535.000
25.000 276.250 535.000
25.000 276.250 535.000
25.000 275.750 535.000
25.000 279.000 540.250
25.000 281.250 544.000
25.000 289.000 552.250
25.000 300.000 561.500
25.000 295.250 582.250
25.000 286.250 611.750
25.000 278.500 662.500
25.000 204.000 757.500
25.000 194.750 756.250
25.000 197.250 757.500
25.000 200.250 760.000
25.000 200.500 760.000
25.000 200.500 759.750
25.000 200.750 760.250
25.000 200.750 760.500
25.000 200.500 759.250
25.000 196.000 749.250
