275.500 0.000 318.000 0.000
275.908 0.376 318.408 0.376
275.897 0.231 318.081 0.001
275.866 0.144 317.751 -0.195
275.633 -0.010 317.861 -0.090
275.165 -0.218 317.369 -0.291
274.946 -0.264 317.144 -0.324
275.006 -0.187 317.207 -0.234
275.062 -0.128 317.728 0.015
275.111 -0.085 318.049 0.137
275.151 -0.053 318.237 0.183
275.183 -0.030 318.188 0.129
170.740 -40.466 456.152 53.525
111.524 -55.567 535.105 73.743
93.472 -51.796 571.176 73.433
94.908 -41.204 582.538 63.607
104.041 -29.681 580.947 50.666
119.152 -18.074 569.691 36.487
132.174 -9.525 557.846 24.827
150.491 -0.582 542.148 13.934
165.710 5.428 528.798 6.061
181.294 10.415 516.887 0.271
201.241 16.127 504.686 -4.510
214.035 17.960 496.563 -6.784
220.336 16.922 491.805 -7.313
222.545 14.499 489.593 -6.753
222.237 11.571 488.967 -5.687
220.647 8.713 489.243 -4.478
218.420 6.162 489.814 -3.390
216.380 4.177 490.739 -2.374
214.405 2.603 491.478 -1.628
212.809 1.480 492.154 -1.051
211.595 0.723 492.719 -0.628
210.719 0.243 493.309 -0.278
209.973 -0.093 493.726 -0.062
209.352 -0.316 494.152 0.115
208.986 -0.396 494.267 0.137
207.763 -0.794 494.916 0.362
204.258 -1.998 497.509 1.297
202.221 -2.400 498.891 1.581
201.185 -2.336 499.746 1.606
201.089 -1.921 500.108 1.435
201.257 -1.484 500.171 1.182
201.397 -1.142 500.070 0.914
201.625 -0.832 499.895 0.669
202.316 -0.403 499.701 0.464
203.404 0.097 499.371 0.246
207.201 1.549 499.423 0.218
213.024 3.506 499.135 0.065
222.589 6.532 494.510 -1.740
236.729 10.746 477.540 -7.979
249.497 13.612 459.204 -13.538
264.278 16.702 444.193 -16.732
276.304 18.126 437.928 -15.918
282.973 17.198 435.918 -13.613
287.158 15.488 436.100 -10.905
288.607 13.049 437.528 -8.238
288.128 10.335 439.446 -5.899
286.723 7.788 441.401 -3.998
284.727 5.505 443.152 -2.545
282.768 3.680 444.595 -1.493
281.201 2.360 445.712 -0.771
280.047 1.455 446.530 -0.304
278.975 0.758 447.098 -0.025
278.483 0.420 447.471 0.124
277.965 0.138 447.698 0.188
277.464 -0.083 447.822 0.200
277.149 -0.189 447.880 0.183
276.966 -0.223 447.895 0.154
277.465 0.014 445.376 -0.852
277.936 0.193 441.184 -2.311
276.151 -0.536 423.973 -8.533
273.431 -1.486 397.131 -17.281
271.695 -1.871 358.587 -28.869
276.256 0.259 310.878 -41.763
281.697 2.317 281.210 -45.168
285.545 3.359 266.918 -41.954
287.493 3.464 262.675 -35.470
288.195 3.065 264.032 -28.072
288.283 2.505 268.286 -20.984
288.630 2.154 272.834 -15.156
288.449 1.666 277.757 -10.312
288.131 1.220 282.194 -6.594
287.778 0.847 285.870 -3.893
287.594 0.612 288.725 -2.032
287.402 0.419 290.825 -0.825
287.817 0.498 291.697 -0.327
288.322 0.597 292.156 -0.086
288.578 0.581 292.464 0.050
292.071 1.822 290.591 -0.685
294.860 2.550 288.866 -1.221
298.432 3.440 287.153 -1.648
305.655 5.573 283.876 -2.599
307.759 5.308 282.059 -2.799
307.750 4.276 279.886 -3.099
305.311 2.502 279.290 -2.730
302.244 0.829 277.606 -2.853
299.266 -0.486 274.640 -3.450
293.255 -2.721 270.470 -4.397
289.382 -3.695 264.893 -5.706
288.195 -3.439 258.412 -7.112
309.543 5.500 250.330 -8.866
353.168 21.339 255.152 -5.280
384.706 29.426 260.691 -2.110
431.929 42.024 277.833 4.941
485.320 54.570 302.403 13.505
515.664 55.756 317.629 16.788
528.089 49.768 324.027 16.015
530.181 40.936 325.669 13.548
526.179 31.454 325.108 10.706
520.095 23.002 323.605 8.049
513.230 15.885 321.661 5.736
507.010 10.397 319.709 3.868
501.719 6.332 317.828 2.390
497.816 3.593 316.910 1.571
494.996 1.804 316.125 0.962
493.243 0.775 315.794 0.648
493.044 0.548 316.535 0.809
494.178 0.881 317.953 1.202
495.695 1.298 319.615 1.613
504.941 4.629 329.361 5.077
516.740 8.305 342.613 9.229
530.201 11.912 359.121 13.837
544.307 15.070 377.042 18.101
565.245 20.264 406.444 25.987
581.581 22.668 431.726 30.749
594.049 23.107 452.431 32.814
600.110 20.979 463.120 30.599
601.675 17.521 466.388 25.937
600.587 13.704 465.395 20.527
598.233 10.137 462.284 15.344
595.633 7.166 458.861 11.045
593.379 4.904 455.606 7.643
591.325 3.158 452.573 4.987
589.759 1.939 450.003 3.025
588.360 1.021 447.970 1.651
587.625 0.538 446.746 0.857
586.934 0.167 445.700 0.286
586.613 0.010 443.805 -0.504
586.404 -0.073 442.487 -0.917
586.424 -0.051 440.855 -1.372
586.739 0.081 439.812 -1.510
591.954 2.086 442.711 -0.094
605.279 6.845 446.822 1.517
637.625 18.053 450.786 2.759
687.331 33.817 454.064 3.495
727.078 42.667 454.592 3.022
757.077 46.025 457.526 3.573
779.601 45.835 459.593 3.682
821.064 53.022 456.506 1.773
857.725 56.955 453.255 0.169
888.137 57.705 454.075 0.454
908.935 54.583 457.654 1.753
921.352 48.819 461.540 2.919
926.358 41.301 463.715 3.196
928.340 34.067 465.038 3.090
925.830 26.493 465.675 2.738
921.015 19.495 465.759 2.240
915.545 13.598 465.545 1.723
910.357 8.953 465.199 1.255
905.911 5.495 464.823 0.866
902.362 3.055 464.475 0.564
899.689 1.428 464.181 0.340
897.781 0.412 464.097 0.242
896.344 -0.225 463.865 0.105
895.290 -0.590 464.293 0.251
894.233 -0.885 462.621 -0.446
894.096 -0.767 460.407 -1.217
895.132 -0.217 456.457 -2.512
896.865 0.497 450.059 -4.505
899.556 1.443 443.932 -6.006
901.278 1.831 432.258 -9.366
900.848 1.310 421.664 -11.657
897.163 -0.372 405.107 -15.814
892.599 -2.069 387.835 -19.443
888.700 -3.178 372.895 -21.465
885.959 -3.625 355.580 -24.016
884.762 -3.387 344.263 -23.748
883.800 -3.103 337.402 -21.806
883.548 -2.600 334.235 -18.808
884.435 -1.752 334.881 -14.914
884.631 -1.337 340.045 -10.023
886.100 -0.508 348.739 -4.712
885.196 -0.760 342.107 -6.369
886.029 -0.290 326.752 -11.085
884.686 -0.754 292.563 -22.186
882.722 -1.369 264.895 -28.608
881.906 -1.420 245.928 -30.415
881.547 -1.284 237.112 -27.939
881.763 -0.952 234.741 -23.444
882.018 -0.668 236.166 -18.350
881.378 -0.787 237.229 -14.383
880.466 -0.988 239.500 -10.716
881.026 -0.580 241.820 -7.741
881.902 -0.128 242.929 -5.811
885.144 1.154 244.938 -3.907
889.475 2.608 245.827 -2.805
892.418 3.243 246.594 -1.965
894.383 3.376 247.918 -1.071
896.731 3.632 248.022 -0.823
898.558 3.636 248.779 -0.370
899.604 3.337 249.610 0.024
901.211 3.313 250.295 0.284
902.005 2.979 250.558 0.331
902.458 2.577 250.837 0.375
907.315 3.960 257.027 2.701
925.647 10.296 282.282 11.964
944.883 15.756 323.387 25.574
963.166 19.788 377.733 41.678
972.962 19.750 412.019 46.889
979.315 18.385 443.278 49.917
981.972 15.853 468.663 50.083
981.203 12.483 481.353 45.296
979.351 9.347 483.121 37.205
977.025 6.634 479.651 28.652
974.864 4.512 474.102 20.950
972.771 2.826 467.832 14.462
971.071 1.620 462.021 9.408
969.624 0.746 457.853 5.970
968.595 0.202 454.133 3.372
967.754 -0.163 451.310 1.625
967.670 -0.164 448.543 0.238
968.226 0.083 445.093 -1.145
968.430 0.146 443.875 -1.396
967.954 -0.067 443.103 -1.424
975.626 2.919 444.250 -0.704
999.455 11.588 445.522 -0.074
1028.310 20.524 446.801 0.435
1054.040 26.518 448.317 0.939
1071.557 28.168 449.190 1.095
1087.970 29.070 449.921 1.166
1105.033 30.050 450.255 1.070
1115.609 28.326 450.344 0.897
1123.506 25.898 449.556 0.418
1125.525 21.662 448.993 0.119
1124.233 16.965 448.614 -0.051
1121.356 12.563 448.226 -0.192
1117.977 8.820 447.996 -0.243
1114.722 5.849 447.877 -0.243
1111.462 3.453 447.238 -0.443
1108.929 1.802 446.876 -0.498
1104.113 -0.413 448.324 0.160
1088.779 -6.275 456.334 3.233
1079.127 -8.799 462.478 4.987
1072.142 -9.801 473.401 8.254
1067.748 -9.605 492.204 13.941
1066.786 -8.117 513.081 19.330
1056.062 -10.700 554.740 31.727
1041.078 -14.433 590.691 39.511
1030.124 -15.881 614.911 41.241
1011.922 -19.858 642.524 43.951
994.213 -22.872 669.063 45.719
978.812 -24.409 703.698 50.282
969.377 -23.336 728.722 50.237
965.460 -20.332 743.669 46.295
965.358 -16.432 748.112 39.047
966.971 -12.623 747.341 31.183
969.388 -9.241 742.945 23.438
972.069 -6.412 737.273 16.699
973.843 -4.482 732.467 11.601
975.977 -2.787 727.951 7.603
977.993 -1.465 724.104 4.639
979.479 -0.606 721.046 2.556
980.518 -0.086 718.753 1.172
981.203 0.196 717.122 0.313
981.624 0.321 716.025 -0.173
981.859 0.350 715.333 -0.407
981.970 0.325 714.933 -0.484
982.003 0.275 714.731 -0.468
981.991 0.217 714.656 -0.407
981.957 0.162 714.656 -0.328
981.916 0.115 714.695 -0.249
981.875 0.077 714.751 -0.179
981.840 0.048 714.808 -0.122
981.811 0.027 714.860 -0.078
974.701 -2.733 713.427 -0.619
969.525 -4.209 712.866 -0.716
967.110 -4.329 714.211 -0.056
968.277 -3.039 717.897 1.383
967.775 -2.644 722.636 2.952
962.895 -4.023 732.153 6.067
957.697 -5.258 741.150 8.378
955.247 -5.188 747.318 9.145
953.836 -4.730 753.031 9.587
918.198 -17.623 797.083 24.800
893.322 -23.848 820.656 29.129
856.106 -33.649 819.772 23.143
810.869 -44.659 812.135 15.700
745.797 -61.222 790.374 4.225
680.459 -74.679 754.466 -10.508
640.634 -75.642 727.822 -18.797
622.077 -68.177 711.441 -21.502
618.803 -56.236 703.973 -20.230
624.172 -43.260 702.143 -17.020
632.857 -31.513 702.999 -13.391
642.287 -21.753 705.311 -9.900
651.027 -14.152 708.003 -6.939
658.258 -8.608 710.438 -4.651
664.285 -4.604 712.579 -2.920
668.607 -2.038 714.321 -1.679
670.035 -1.089 715.064 -1.066
666.221 -2.356 713.459 -1.481
658.859 -4.753 711.266 -2.044
633.384 -13.703 704.771 -4.165
568.719 -36.106 684.367 -11.265
506.683 -53.150 669.363 -14.896
439.542 -68.869 661.258 -15.151
378.062 -79.350 663.423 -11.376
341.008 -78.334 667.821 -7.468
321.032 -70.897 671.133 -4.738
318.492 -58.145 674.592 -2.479
325.009 -44.354 677.580 -0.841
333.835 -32.340 679.327 -0.001
342.716 -22.633 680.167 0.325
351.501 -14.844 680.821 0.515
359.287 -8.950 681.037 0.499
365.274 -4.896 681.117 0.433
369.456 -2.327 680.969 0.292
370.681 -1.402 679.509 -0.330
361.900 -4.533 674.318 -2.278
343.303 -10.861 665.904 -5.097
321.304 -17.281 657.211 -7.478
277.637 -30.854 643.159 -11.474
230.531 -43.130 622.710 -17.175
174.691 -56.411 582.695 -29.353
131.016 -62.406 546.493 -37.694
101.871 -61.608 518.052 -41.412
87.681 -55.171 502.336 -39.479
84.500 -45.714 496.278 -34.177
87.926 -35.529 496.449 -27.489
94.421 -26.128 499.863 -20.840
101.780 -18.214 504.585 -14.972
108.750 -11.984 509.452 -10.186
114.570 -7.407 513.690 -6.570
119.389 -4.104 517.528 -3.810
123.013 -1.905 520.479 -1.928
125.597 -0.535 522.628 -0.721
127.339 0.244 524.259 0.050
128.738 0.739 525.755 0.620
130.000 1.085 527.096 1.020
152.839 9.725 534.489 3.687
182.159 19.202 540.916 5.463
211.452 26.833 543.697 5.482
248.670 36.056 542.778 4.064
271.322 37.848 541.545 2.799
291.975 38.518 540.112 1.701
302.980 35.319 539.568 1.161
306.034 29.659 539.222 0.802
304.601 23.358 538.606 0.408
301.012 17.441 538.157 0.155
296.584 12.346 537.846 0.004
292.372 8.322 537.644 -0.075
288.635 5.261 537.521 -0.108
284.837 2.770 537.012 -0.284
282.332 1.263 536.567 -0.402
279.962 0.100 536.179 -0.474
277.967 -0.693 535.246 -0.744
276.459 -1.143 534.876 -0.743
275.617 -1.248 534.725 -0.657
275.219 -1.160 534.559 -0.595
275.248 -0.924 534.522 -0.494
275.378 -0.695 534.558 -0.384
275.250 -0.610 534.627 -0.283
277.160 0.249 537.806 1.004
279.700 1.185 541.966 2.421
285.785 3.313 549.251 4.775
295.837 6.566 558.873 7.578
298.774 6.432 576.469 12.929
294.593 3.566 603.771 21.003
286.871 -0.117 648.960 34.445
237.867 -19.084 730.289 59.286
202.859 -28.952 775.265 65.228
185.070 -30.236 797.386 61.162
178.918 -26.762 805.886 52.605
178.284 -21.822 805.087 42.103
180.494 -16.738 799.362 31.727
184.089 -12.102 792.125 22.776
187.879 -8.288 784.834 15.538
191.189 -5.400 777.492 9.682
191.331 -4.299 765.653 3.218
