275.500 318.000
275.500 318.000
275.750 318.250
275.750 318.000
275.750 317.750
275.500 318.000
275.000 317.250
275.000 317.250
275.250 317.500
275.250 318.250
275.250 318.250
275.250 318.250
275.250 318.000
98.500 551.500
104.750 544.500
128.000 533.750
139.750 528.250
145.250 526.000
154.750 519.000
156.500 518.750
171.250 510.250
176.750 507.750
187.500 503.500
206.250 496.000
209.250 494.750
209.500 494.250
209.750 494.250
209.750 494.250
209.750 494.250
209.500 494.000
209.750 494.250
209.500 494.000
209.500 494.000
209.500 494.000
209.500 494.250
209.250 494.250
209.000 494.500
209.000 494.250
207.250 495.250
202.500 499.000
202.500 498.750
202.500 499.000
203.000 499.000
203.000 499.000
202.750 499.000
202.750 499.000
203.500 499.000
204.500 498.750
209.750 499.250
215.750 498.750
226.250 491.250
241.000 467.250
249.250 453.250
263.000 445.250
270.500 447.750
272.250 448.000
275.500 447.750
276.500 447.750
276.750 447.750
277.000 447.750
276.750 447.750
276.750 447.750
277.000 447.750
277.250 447.750
277.000 447.750
277.500 447.750
277.250 447.750
277.000 447.750
277.000 447.750
277.000 447.750
278.000 443.500
278.250 439.000
274.750 414.000
272.000 385.750
271.750 346.500
281.000 302.250
285.250 296.000
286.250 295.250
286.000 295.250
285.750 295.000
285.750 295.000
286.750 293.750
286.500 294.000
286.500 294.000
286.500 294.000
286.750 294.000
286.750 294.000
287.750 293.000
288.250 292.750
288.250 292.750
294.000 289.250
295.250 288.250
298.750 287.000
307.750 283.000
304.500 283.000
303.250 280.750
300.000 281.500
298.000 278.750
296.500 275.000
289.500 270.500
289.000 264.750
290.500 258.750
327.250 250.750
378.750 266.000
388.500 269.000
439.750 291.500
486.750 315.250
490.500 316.750
489.500 314.250
489.500 313.250
488.750 313.250
489.250 313.500
489.000 313.500
489.250 313.500
489.250 313.250
489.750 314.250
490.000 314.250
490.500 314.750
492.250 316.500
494.500 318.250
496.000 319.750
510.250 334.750
521.000 347.500
532.500 362.750
544.000 377.750
567.000 411.500
575.750 427.250
583.500 440.750
584.750 442.750
585.000 442.750
585.000 442.750
585.000 442.750
585.250 443.500
585.750 444.000
585.750 444.000
586.000 444.000
585.750 444.000
586.250 444.500
586.000 444.250
586.250 442.250
586.250 442.000
586.500 440.500
587.000 440.250
595.500 446.000
612.750 449.750
654.250 452.250
706.500 454.000
726.000 452.000
741.750 457.000
756.250 458.000
811.000 451.250
838.250 449.500
861.000 454.500
874.500 459.750
883.750 462.750
888.500 462.750
894.750 463.250
895.250 463.500
895.250 463.500
895.250 463.500
895.250 463.500
895.250 463.500
895.250 463.500
895.250 463.500
895.250 463.750
895.000 463.500
894.750 464.500
894.000 461.250
894.750 459.250
896.500 454.750
898.250 447.750
901.000 443.500
901.250 429.250
899.000 422.250
893.500 403.500
889.750 389.250
887.750 379.000
886.750 361.750
887.000 356.750
886.000 352.750
886.000 350.500
887.250 351.250
886.250 356.250
888.250 363.250
885.000 341.500
887.250 321.500
884.000 278.250
882.000 264.500
882.500 257.000
882.500 256.750
883.000 256.750
883.000 257.000
881.500 253.500
880.500 253.250
882.250 252.500
883.000 250.250
887.500 251.250
891.500 249.750
892.250 249.500
893.000 250.500
895.500 249.000
896.750 250.000
897.250 250.500
899.500 250.750
899.750 250.500
900.250 250.750
908.500 261.000
935.000 297.500
949.500 341.750
962.500 393.750
963.000 400.500
967.000 425.250
968.250 444.000
967.250 447.750
967.500 446.000
967.500 445.750
967.750 446.000
967.500 445.750
967.500 445.750
967.250 447.000
967.250 446.500
967.000 446.500
967.750 445.250
968.750 442.500
968.500 444.000
967.500 443.750
981.000 446.250
1013.500 447.000
1038.500 447.750
1054.500 449.000
1061.250 449.000
1075.500 449.500
1092.250 449.500
1097.500 449.500
1105.000 448.250
1105.000 448.250
1105.000 448.250
1105.000 448.000
1105.000 448.000
1105.000 448.000
1104.250 447.000
1104.250 447.000
1099.250 449.750
1078.500 461.750
1077.750 464.000
1074.750 476.750
1073.000 498.250
1074.250 515.750
1055.500 567.250
1039.750 588.750
1034.750 598.250
1012.750 626.750
998.750 650.250
987.500 689.000
983.500 703.500
982.500 711.500
982.500 712.000
982.000 713.750
981.750 713.500
981.750 713.500
980.500 715.000
981.250 715.000
981.750 715.000
981.750 715.000
981.750 715.000
981.750 715.000
981.750 715.000
981.750 715.000
981.750 715.000
981.750 715.000
981.750 715.000
981.750 715.000
981.750 715.000
981.750 715.000
981.750 715.000
981.750 715.000
969.750 712.500
968.250 713.000
969.000 715.750
972.750 720.500
970.000 724.750
961.750 736.250
957.500 742.250
958.000 744.500
957.250 749.250
897.500 819.500
891.000 816.000
850.500 794.500
808.000 787.250
738.500 762.000
687.000 726.000
676.250 718.250
673.250 716.000
674.250 717.000
675.500 718.000
675.500 718.000
675.500 718.250
675.500 718.250
675.250 718.000
675.750 718.000
675.500 718.000
672.750 717.000
664.500 713.250
655.750 711.000
619.750 702.000
535.500 673.750
494.250 668.500
438.000 668.250
393.750 677.750
382.500 680.500
373.500 679.750
376.750 681.000
378.750 681.750
377.500 681.250
376.250 680.750
376.750 681.000
377.250 680.750
377.000 680.750
376.500 680.500
373.500 678.250
357.000 671.000
334.250 662.000
315.250 655.500
262.000 639.750
224.000 618.250
172.500 569.500
148.500 546.250
134.500 530.250
130.000 526.500
129.000 525.500
129.000 525.500
129.000 525.500
129.000 525.500
129.000 525.500
128.750 525.250
129.000 525.750
129.000 525.750
129.000 525.750
129.000 526.000
129.500 526.750
130.250 527.500
167.750 538.750
194.250 542.250
215.500 541.000
251.750 537.500
256.500 537.250
274.250 536.750
278.000 537.750
278.250 538.000
278.500 537.500
278.750 537.500
278.750 537.500
279.000 537.500
279.000 537.500
277.750 536.750
278.250 536.500
277.250 536.250
276.500 535.000
276.000 535.250
276.000 535.250
276.000 535.000
276.250 535.000
276.250 535.000
275.750 535.000
279.000 540.250
281.250 544.000
289.000 552.250
300.000 561.500
295.250 582.250
286.250 611.750
278.500 662.500
204.000 757.500
194.750 756.250
197.250 757.500
200.250 760.000
200.500 760.000
200.500 759.750
200.750 760.250
200.750 760.500
200.500 759.250
196.000 749.250
