281.500 0.000 539.740 0.000
281.092 -0.376 538.940 -0.738
281.103 -0.231 539.278 -0.223
281.134 -0.144 539.139 -0.239
281.159 -0.095 539.112 -0.192
281.178 -0.065 539.117 -0.147
281.193 -0.045 539.133 -0.110
281.207 -0.031 539.152 -0.080
281.218 -0.021 539.172 -0.057
281.377 0.045 539.490 0.078
281.324 0.016 539.386 0.023
281.288 -0.001 539.317 -0.009
281.265 -0.010 539.273 -0.024
281.251 -0.013 539.247 -0.029
281.244 -0.013 539.234 -0.029
281.241 -0.012 539.229 -0.025
281.240 -0.010 539.229 -0.020
281.389 0.049 539.379 0.042
281.479 0.075 539.619 0.127
281.381 0.023 539.464 0.042
281.315 -0.008 539.359 -0.007
281.273 -0.022 539.291 -0.032
281.248 -0.028 539.251 -0.041
281.383 0.030 539.525 0.073
281.319 -0.000 539.399 0.010
281.278 -0.016 539.316 -0.024
281.253 -0.023 539.265 -0.039
281.240 -0.024 539.237 -0.043
281.382 0.036 539.371 0.018
281.322 0.006 539.308 -0.010
281.282 -0.011 539.269 -0.023
281.258 -0.018 539.246 -0.028
281.244 -0.020 539.235 -0.027
281.385 0.039 539.526 0.091
281.325 0.008 539.408 0.028
281.284 -0.009 539.329 -0.008
281.259 -0.017 539.278 -0.026
281.245 -0.019 539.248 -0.033
281.238 -0.018 539.233 -0.032
281.236 -0.016 539.375 0.029
281.236 -0.012 539.315 0.000
281.238 -0.009 539.277 -0.015
281.240 -0.007 539.254 -0.021
281.243 -0.005 539.241 -0.022
281.245 -0.003 539.236 -0.020
281.394 0.056 539.382 0.041
281.337 0.023 539.324 0.011
281.297 0.003 539.286 -0.006
281.418 0.049 539.409 0.043
281.491 0.068 539.632 0.121
281.383 0.013 539.467 0.033
281.311 -0.018 539.355 -0.016
281.414 0.026 539.433 0.017
281.330 -0.012 539.333 -0.025
281.277 -0.030 539.272 -0.044
281.246 -0.036 539.237 -0.049
281.230 -0.035 539.220 -0.046
281.224 -0.031 539.215 -0.039
281.224 -0.025 539.216 -0.031
281.227 -0.019 539.221 -0.023
281.231 -0.014 539.226 -0.017
281.383 0.048 539.380 0.046
